G04 -- output software:jlccam pro  *
G04 -- dbname:*
G04 -- stepname:edit*
G04 -- layer:ts*
*
G04 -- format*
%FSLAX26Y26*%
%MOIN*%
*
G04 -- apertures*
%ADD10C,0.096456*%
G04 A1ts - edit.0.from.i274x.RoundRect.d11+inc0.6x0x00*
%AMA1TS*
4,1,36,
0.045285,-0.022741,
0.047187,-0.022164,
0.048941,-0.021227,
0.050477,-0.019965,
0.051738,-0.018429,
0.052676,-0.016675,
0.053253,-0.014773,
0.053446,-0.012810,
0.053446,0.012810,
0.053253,0.014773,
0.052676,0.016675,
0.051738,0.018429,
0.050477,0.019965,
0.048941,0.021227,
0.047187,0.022164,
0.045285,0.022741,
0.043322,0.022934,
-0.043322,0.022934,
-0.045285,0.022741,
-0.047187,0.022164,
-0.048941,0.021227,
-0.050477,0.019965,
-0.051738,0.018429,
-0.052676,0.016675,
-0.053253,0.014773,
-0.053446,0.012810,
-0.053446,-0.012810,
-0.053253,-0.014773,
-0.052676,-0.016675,
-0.051738,-0.018429,
-0.050477,-0.019965,
-0.048941,-0.021227,
-0.047187,-0.022164,
-0.045285,-0.022741,
-0.043322,-0.022934,
0.043322,-0.022934,
0.045285,-0.022741,
0.000*
%
%ADD11A1TS*%
G04 A2ts - edit.0.from.i274x.RoundRect.d12+inc0.6x0x00*
%AMA2TS*
4,1,36,
0.019694,-0.020281,
0.021597,-0.019703,
0.023350,-0.018766,
0.024887,-0.017505,
0.026148,-0.015968,
0.027085,-0.014215,
0.027662,-0.012312,
0.027856,-0.010349,
0.027856,0.010349,
0.027662,0.012312,
0.027085,0.014215,
0.026148,0.015968,
0.024887,0.017505,
0.023350,0.018766,
0.021597,0.019703,
0.019694,0.020281,
0.017731,0.020474,
-0.017731,0.020474,
-0.019694,0.020281,
-0.021597,0.019703,
-0.023350,0.018766,
-0.024887,0.017505,
-0.026148,0.015968,
-0.027085,0.014215,
-0.027662,0.012312,
-0.027856,0.010349,
-0.027856,-0.010349,
-0.027662,-0.012312,
-0.027085,-0.014215,
-0.026148,-0.015968,
-0.024887,-0.017505,
-0.023350,-0.018766,
-0.021597,-0.019703,
-0.019694,-0.020281,
-0.017731,-0.020474,
0.017731,-0.020474,
0.019694,-0.020281,
0.000*
%
%ADD12A2TS*%
G04 A3ts - edit.0.from.i274x.RoundRect.d13+inc0.6x0x00*
%AMA3TS*
4,1,34,
0.006645,-0.012391,
0.007735,-0.012061,
0.008740,-0.011523,
0.009620,-0.010801,
0.010342,-0.009921,
0.010880,-0.008916,
0.011210,-0.007826,
0.011320,-0.006707,
0.011320,0.006707,
0.011210,0.007826,
0.010880,0.008916,
0.010342,0.009921,
0.009620,0.010801,
0.008740,0.011523,
0.007735,0.012061,
0.006645,0.012391,
-0.005526,0.012501,
-0.006645,0.012391,
-0.007735,0.012061,
-0.008740,0.011523,
-0.009620,0.010801,
-0.010342,0.009921,
-0.010880,0.008916,
-0.011210,0.007826,
-0.011320,0.006707,
-0.011320,-0.006707,
-0.011210,-0.007826,
-0.010880,-0.008916,
-0.010342,-0.009921,
-0.009620,-0.010801,
-0.008740,-0.011523,
-0.007735,-0.012061,
-0.006645,-0.012391,
0.005526,-0.012501,
0.006645,-0.012391,
0.000*
%
%ADD13A3TS*%
G04 A4ts - edit.0.from.i274x.RoundRect.d14+inc0.6x0x00*
%AMA4TS*
4,1,32,
0.008378,-0.010820,
0.009431,-0.010501,
0.010402,-0.009982,
0.011252,-0.009284,
0.011951,-0.008433,
0.012469,-0.007462,
0.012789,-0.006409,
0.012895,0.005329,
0.012789,0.006409,
0.012469,0.007462,
0.011951,0.008433,
0.011252,0.009284,
0.010402,0.009982,
0.009431,0.010501,
0.008378,0.010820,
-0.007298,0.010926,
-0.008378,0.010820,
-0.009431,0.010501,
-0.010402,0.009982,
-0.011252,0.009284,
-0.011951,0.008433,
-0.012469,0.007462,
-0.012789,0.006409,
-0.012895,-0.005329,
-0.012789,-0.006409,
-0.012469,-0.007462,
-0.011951,-0.008433,
-0.011252,-0.009284,
-0.010402,-0.009982,
-0.009431,-0.010501,
-0.008378,-0.010820,
0.007298,-0.010926,
0.008378,-0.010820,
0.000*
%
%ADD14A4TS*%
G04 A5ts - edit.0.from.i274x.RoundRect.d15+inc0.6x0x00*
%AMA5TS*
4,1,36,
0.011628,-0.017839,
0.013346,-0.017318,
0.014929,-0.016471,
0.016317,-0.015333,
0.017455,-0.013945,
0.018302,-0.012362,
0.018823,-0.010644,
0.018997,-0.008873,
0.018997,0.008873,
0.018823,0.010644,
0.018302,0.012362,
0.017455,0.013945,
0.016317,0.015333,
0.014929,0.016471,
0.013346,0.017318,
0.011628,0.017839,
0.009857,0.018013,
-0.009857,0.018013,
-0.011628,0.017839,
-0.013346,0.017318,
-0.014929,0.016471,
-0.016317,0.015333,
-0.017455,0.013945,
-0.018302,0.012362,
-0.018823,0.010644,
-0.018997,0.008873,
-0.018997,-0.008873,
-0.018823,-0.010644,
-0.018302,-0.012362,
-0.017455,-0.013945,
-0.016317,-0.015333,
-0.014929,-0.016471,
-0.013346,-0.017318,
-0.011628,-0.017839,
-0.009857,-0.018013,
0.009857,-0.018013,
0.011628,-0.017839,
0.000*
%
%ADD15A5TS*%
G04 A6ts - edit.0.from.i274x.RoundRect.d16+inc0.6x0x00*
%AMA6TS*
4,1,36,
0.011820,-0.069001,
0.013723,-0.068424,
0.015476,-0.067486,
0.017013,-0.066225,
0.018274,-0.064689,
0.019211,-0.062935,
0.019788,-0.061033,
0.019982,-0.059070,
0.019982,0.059070,
0.019788,0.061033,
0.019211,0.062935,
0.018274,0.064689,
0.017013,0.066225,
0.015476,0.067486,
0.013723,0.068424,
0.011820,0.069001,
0.009857,0.069194,
-0.009857,0.069194,
-0.011820,0.069001,
-0.013723,0.068424,
-0.015476,0.067486,
-0.017013,0.066225,
-0.018274,0.064689,
-0.019211,0.062935,
-0.019788,0.061033,
-0.019982,0.059070,
-0.019982,-0.059070,
-0.019788,-0.061033,
-0.019211,-0.062935,
-0.018274,-0.064689,
-0.017013,-0.066225,
-0.015476,-0.067486,
-0.013723,-0.068424,
-0.011820,-0.069001,
-0.009857,-0.069194,
0.009857,-0.069194,
0.011820,-0.069001,
0.000*
%
%ADD16A6TS*%
G04 A7ts - edit.0.from.i274x.RoundRect.d17+inc0.6x0x00*
%AMA7TS*
4,1,36,
0.021663,-0.067033,
0.023565,-0.066455,
0.025319,-0.065518,
0.026855,-0.064257,
0.028116,-0.062720,
0.029054,-0.060967,
0.029631,-0.059064,
0.029824,-0.057101,
0.029824,0.057101,
0.029631,0.059064,
0.029054,0.060967,
0.028116,0.062720,
0.026855,0.064257,
0.025319,0.065518,
0.023565,0.066455,
0.021663,0.067033,
0.019700,0.067226,
-0.019700,0.067226,
-0.021663,0.067033,
-0.023565,0.066455,
-0.025319,0.065518,
-0.026855,0.064257,
-0.028116,0.062720,
-0.029054,0.060967,
-0.029631,0.059064,
-0.029824,0.057101,
-0.029824,-0.057101,
-0.029631,-0.059064,
-0.029054,-0.060967,
-0.028116,-0.062720,
-0.026855,-0.064257,
-0.025319,-0.065518,
-0.023565,-0.066455,
-0.021663,-0.067033,
-0.019700,-0.067226,
0.019700,-0.067226,
0.021663,-0.067033,
0.000*
%
%ADD17A7TS*%
G04 A8ts - edit.0.from.i274x.RoundRect.d18+inc0.6x0x00*
%AMA8TS*
4,1,34,
0.007826,-0.011210,
0.008916,-0.010880,
0.009921,-0.010342,
0.010801,-0.009620,
0.011523,-0.008740,
0.012061,-0.007735,
0.012391,-0.006645,
0.012501,0.005526,
0.012391,0.006645,
0.012061,0.007735,
0.011523,0.008740,
0.010801,0.009620,
0.009921,0.010342,
0.008916,0.010880,
0.007826,0.011210,
0.006707,0.011320,
-0.006707,0.011320,
-0.007826,0.011210,
-0.008916,0.010880,
-0.009921,0.010342,
-0.010801,0.009620,
-0.011523,0.008740,
-0.012061,0.007735,
-0.012391,0.006645,
-0.012501,-0.005526,
-0.012391,-0.006645,
-0.012061,-0.007735,
-0.011523,-0.008740,
-0.010801,-0.009620,
-0.009921,-0.010342,
-0.008916,-0.010880,
-0.007826,-0.011210,
-0.006707,-0.011320,
0.006707,-0.011320,
0.007826,-0.011210,
0.000*
%
%ADD18A8TS*%
G04 A9ts - edit.0.from.i274x.RoundRect.d19+inc0.6x0x00*
%AMA9TS*
4,1,36,
0.014773,-0.035536,
0.016675,-0.034959,
0.018429,-0.034022,
0.019965,-0.032761,
0.021227,-0.031224,
0.022164,-0.029471,
0.022741,-0.027568,
0.022934,-0.025605,
0.022934,0.025605,
0.022741,0.027568,
0.022164,0.029471,
0.021227,0.031224,
0.019965,0.032761,
0.018429,0.034022,
0.016675,0.034959,
0.014773,0.035536,
0.012810,0.035730,
-0.012810,0.035730,
-0.014773,0.035536,
-0.016675,0.034959,
-0.018429,0.034022,
-0.019965,0.032761,
-0.021227,0.031224,
-0.022164,0.029471,
-0.022741,0.027568,
-0.022934,0.025605,
-0.022934,-0.025605,
-0.022741,-0.027568,
-0.022164,-0.029471,
-0.021227,-0.031224,
-0.019965,-0.032761,
-0.018429,-0.034022,
-0.016675,-0.034959,
-0.014773,-0.035536,
-0.012810,-0.035730,
0.012810,-0.035730,
0.014773,-0.035536,
0.000*
%
%ADD19A9TS*%
G04 A10ts - edit.0.from.i274x.RoundRect.d20+inc0.6x0x00*
%AMA10TS*
4,1,36,
0.041348,-0.045379,
0.043250,-0.044802,
0.045004,-0.043864,
0.046540,-0.042603,
0.047801,-0.041067,
0.048739,-0.039313,
0.049316,-0.037411,
0.049509,-0.035448,
0.049509,0.035448,
0.049316,0.037411,
0.048739,0.039313,
0.047801,0.041067,
0.046540,0.042603,
0.045004,0.043864,
0.043250,0.044802,
0.041348,0.045379,
0.039385,0.045572,
-0.039385,0.045572,
-0.041348,0.045379,
-0.043250,0.044802,
-0.045004,0.043864,
-0.046540,0.042603,
-0.047801,0.041067,
-0.048739,0.039313,
-0.049316,0.037411,
-0.049509,0.035448,
-0.049509,-0.035448,
-0.049316,-0.037411,
-0.048739,-0.039313,
-0.047801,-0.041067,
-0.046540,-0.042603,
-0.045004,-0.043864,
-0.043250,-0.044802,
-0.041348,-0.045379,
-0.039385,-0.045572,
0.039385,-0.045572,
0.041348,-0.045379,
0.000*
%
%ADD20A10TS*%
G04 A11ts - edit.0.from.i274x.RoundRect.d21+inc0.6x0x00*
%AMA11TS*
4,1,36,
0.061033,-0.019788,
0.062935,-0.019211,
0.064689,-0.018274,
0.066225,-0.017013,
0.067486,-0.015476,
0.068424,-0.013723,
0.069001,-0.011820,
0.069194,-0.009857,
0.069194,0.009857,
0.069001,0.011820,
0.068424,0.013723,
0.067486,0.015476,
0.066225,0.017013,
0.064689,0.018274,
0.062935,0.019211,
0.061033,0.019788,
0.059070,0.019982,
-0.059070,0.019982,
-0.061033,0.019788,
-0.062935,0.019211,
-0.064689,0.018274,
-0.066225,0.017013,
-0.067486,0.015476,
-0.068424,0.013723,
-0.069001,0.011820,
-0.069194,0.009857,
-0.069194,-0.009857,
-0.069001,-0.011820,
-0.068424,-0.013723,
-0.067486,-0.015476,
-0.066225,-0.017013,
-0.064689,-0.018274,
-0.062935,-0.019211,
-0.061033,-0.019788,
-0.059070,-0.019982,
0.059070,-0.019982,
0.061033,-0.019788,
0.000*
%
%ADD21A11TS*%
G04 A12ts - edit.0.from.i274x.RoundRect.d22+inc0.6x0x00*
%AMA12TS*
4,1,36,
0.059064,-0.029631,
0.060967,-0.029054,
0.062720,-0.028116,
0.064257,-0.026855,
0.065518,-0.025319,
0.066455,-0.023565,
0.067033,-0.021663,
0.067226,-0.019700,
0.067226,0.019700,
0.067033,0.021663,
0.066455,0.023565,
0.065518,0.025319,
0.064257,0.026855,
0.062720,0.028116,
0.060967,0.029054,
0.059064,0.029631,
0.057101,0.029824,
-0.057101,0.029824,
-0.059064,0.029631,
-0.060967,0.029054,
-0.062720,0.028116,
-0.064257,0.026855,
-0.065518,0.025319,
-0.066455,0.023565,
-0.067033,0.021663,
-0.067226,0.019700,
-0.067226,-0.019700,
-0.067033,-0.021663,
-0.066455,-0.023565,
-0.065518,-0.025319,
-0.064257,-0.026855,
-0.062720,-0.028116,
-0.060967,-0.029054,
-0.059064,-0.029631,
-0.057101,-0.029824,
0.057101,-0.029824,
0.059064,-0.029631,
0.000*
%
%ADD22A12TS*%
%ADD23R,0.118701X0.268307*%
G04 A13ts - edit.0.from.i274x.RoundRect.d24+inc0.6x0x00*
%AMA13TS*
4,1,36,
0.033690,-0.011990,
0.034854,-0.011637,
0.035927,-0.011063,
0.036867,-0.010292,
0.037638,-0.009352,
0.038212,-0.008279,
0.038565,-0.007115,
0.038682,-0.005920,
0.038682,0.005920,
0.038565,0.007115,
0.038212,0.008279,
0.037638,0.009352,
0.036867,0.010292,
0.035927,0.011063,
0.034854,0.011637,
0.033690,0.011990,
0.032495,0.012108,
-0.032495,0.012108,
-0.033690,0.011990,
-0.034854,0.011637,
-0.035927,0.011063,
-0.036867,0.010292,
-0.037638,0.009352,
-0.038212,0.008279,
-0.038565,0.007115,
-0.038682,0.005920,
-0.038682,-0.005920,
-0.038565,-0.007115,
-0.038212,-0.008279,
-0.037638,-0.009352,
-0.036867,-0.010292,
-0.035927,-0.011063,
-0.034854,-0.011637,
-0.033690,-0.011990,
-0.032495,-0.012108,
0.032495,-0.012108,
0.033690,-0.011990,
0.000*
%
%ADD24A13TS*%
%ADD25R,0.095472X0.130512*%
G04 A14ts - edit.0.from.i274x.RoundRect.d26+inc0.6x0x00*
%AMA14TS*
4,1,36,
0.041348,-0.035536,
0.043250,-0.034959,
0.045004,-0.034022,
0.046540,-0.032761,
0.047801,-0.031224,
0.048739,-0.029471,
0.049316,-0.027568,
0.049509,-0.025605,
0.049509,0.025605,
0.049316,0.027568,
0.048739,0.029471,
0.047801,0.031224,
0.046540,0.032761,
0.045004,0.034022,
0.043250,0.034959,
0.041348,0.035536,
0.039385,0.035730,
-0.039385,0.035730,
-0.041348,0.035536,
-0.043250,0.034959,
-0.045004,0.034022,
-0.046540,0.032761,
-0.047801,0.031224,
-0.048739,0.029471,
-0.049316,0.027568,
-0.049509,0.025605,
-0.049509,-0.025605,
-0.049316,-0.027568,
-0.048739,-0.029471,
-0.047801,-0.031224,
-0.046540,-0.032761,
-0.045004,-0.034022,
-0.043250,-0.034959,
-0.041348,-0.035536,
-0.039385,-0.035730,
0.039385,-0.035730,
0.041348,-0.035536,
0.000*
%
%ADD26A14TS*%
%ADD27C,0.005906*%
%ADD28C,0.053228*%
*
G75*
G90*
*
G54D10*
G04 DEPTH 1*
%LPD*%
D10*
X1377952Y157479D03*
D11*
X439440Y138416D03*
Y254558D03*
D12*
X935503Y134743D03*
Y206593D03*
D13*
X1079732Y233857D03*
X1117527D03*
D14*
X1026421Y195275D03*
Y235432D03*
D15*
X338062Y293306D03*
Y354330D03*
D16*
X298425Y694881D03*
X377165D03*
X455905D03*
D17*
X205905Y468503D03*
X548425D03*
D18*
X1147244Y564995D03*
Y602790D03*
D19*
X151055Y303550D03*
X267196D03*
D10*
X196850Y157479D03*
D19*
X1020669Y678775D03*
X1136811D03*
D14*
X947968Y34251D03*
Y74408D03*
X134251Y699542D03*
Y739700D03*
D12*
X850858Y63908D03*
Y135759D03*
D11*
X660629Y404526D03*
Y520668D03*
D20*
X689803Y618109D03*
X859094D03*
D21*
X1482283Y616523D03*
Y537782D03*
D22*
X1255905Y709042D03*
Y445263D03*
D23*
X802361Y409447D03*
X1046455D03*
D18*
X1147244Y475625D03*
Y513420D03*
D14*
X1242267Y101558D03*
Y141715D03*
D24*
X755385Y63652D03*
Y113652D03*
Y163652D03*
Y213652D03*
X560503D03*
Y163652D03*
Y113652D03*
Y63652D03*
D25*
X657943Y138651D03*
D15*
X695078Y273621D03*
Y334645D03*
D26*
X662677Y728345D03*
X820157D03*
D10*
X196850Y157479D03*
X1377952D03*
D27*
G01*
X0Y787400D02*
X1574803D01*
X0Y-1D02*
Y787400D01*
X1574803D02*
Y-1D01*
X0D01*
D28*
X1513708Y241239D03*
X296806Y516293D03*
G04 DEPTH 0*
M02*